0c2bcf1e7101610b0300c3020c09, Port 11020 Power: (7887, 369, 2913, 3, 707, 2316)
e52e00000000000000000000000000000000, Port 12005 Radio: (0.0, 0.0, 0.0, 0, 0, 0)
e52e00000000000000000000000000000000, Port 12005 Radio: (0.0, 0.0, 0.0, 0, 0, 0)
e52e00000000000000000000000000000000, Port 12005 Radio: (0.0, 0.0, 0.0, 0, 0, 0)
e52e00000000000000000000000000000000, Port 12005 Radio: (0.0, 0.0, 0.0, 0, 0, 0)
0c2bc41e33017809030041026007, Port 11020 Power: (7876, 307, 2424, 3, 577, 1888)
e52e00000000000000000000000000000000, Port 12005 Radio: (0.0, 0.0, 0.0, 0, 0, 0)
dc3262000b0016fd8ad8f105140037ff6bff2600, Port 13020 Sensor: (98, 11, -746, -10102, 1521, 20, -201, -149, 38, 0)
e52e00000000000000000000000000000000, Port 12005 Radio: (0.0, 0.0, 0.0, 0, 0, 0)
0c2ba71e33016f0903003f025a07, Port 11020 Power: (7847, 307, 2415, 3, 575, 1882)
e52e00000000000000000000000000000000, Port 12005 Radio: (0.0, 0.0, 0.0, 0, 0, 0)
e52e00000000000000000000000000000000, Port 12005 Radio: (0.0, 0.0, 0.0, 0, 0, 0)
dc3261000c00e6fc88d9f400050063ffb6ff2600, Port 13020 Sensor: (97, 12, -794, -9848, 244, 5, -157, -74, 38, 0)
e52e00000000000000000000000000000000, Port 12005 Radio: (0.0, 0.0, 0.0, 0, 0, 0)
dc3261000c001300aed9c0fe4100d3ffeaff2600, Port 13020 Sensor: (97, 12, 19, -9810, -320, 65, -45, -22, 38, 0)
e52e00000000000000000000000000000000, Port 12005 Radio: (0.0, 0.0, 0.0, 0, 0, 0)
e52e00000000000000000000000000000000, Port 12005 Radio: (0.0, 0.0, 0.0, 0, 0, 0)
dc3261000c0059ff47d841fd0e00330006002600, Port 13020 Sensor: (97, 12, -167, -10169, -703, 14, 51, 6, 38, 0)
e52e00000000000000000000000000000000, Port 12005 Radio: (0.0, 0.0, 0.0, 0, 0, 0)
dc3261000c000e0047da2eff0b0063ffe0ff2600, Port 13020 Sensor: (97, 12, 14, -9657, -210, 11, -157, -32, 38, 0)
e52e00000000000000000000000000000000, Port 12005 Radio: (0.0, 0.0, 0.0, 0, 0, 0)
e52e00000000000000000000000000000000, Port 12005 Radio: (0.0, 0.0, 0.0, 0, 0, 0)
dc3261000c00c5fc98d8edfbe2ff7cff7fff2600, Port 13020 Sensor: (97, 12, -827, -10088, -1043, -30, -132, -129, 38, 0)
e52e00000000000000000000000000000000, Port 12005 Radio: (0.0, 0.0, 0.0, 0, 0, 0)
0c2b671e37017a09030042026507, Port 11020 Power: (7783, 311, 2426, 3, 578, 1893)
e52e00000000000000000000000000000000, Port 12005 Radio: (0.0, 0.0, 0.0, 0, 0, 0)
e52e00000000000000000000000000000000, Port 12005 Radio: (0.0, 0.0, 0.0, 0, 0, 0)
dc3261000d00dafd4ed73705a7ff2002a5002600, Port 13020 Sensor: (97, 13, -550, -10418, 1335, -89, 544, 165, 38, 0)
e52e00000000000000000000000000000000, Port 12005 Radio: (0.0, 0.0, 0.0, 0, 0, 0)
dc3261000d00070583db6cfd91009ffaaeff2600, Port 13020 Sensor: (97, 13, 1287, -9341, -660, 145, -1377, -82, 38, 0)
e52e00000000000000000000000000000000, Port 12005 Radio: (0.0, 0.0, 0.0, 0, 0, 0)
e52e00000000000000000000000000000000, Port 12005 Radio: (0.0, 0.0, 0.0, 0, 0, 0)
dc3262000d00f402bad86e009c00bcfd5b002600, Port 13020 Sensor: (98, 13, 756, -10054, 110, 156, -580, 91, 38, 0)
e52e00000000000000000000000000000000, Port 12005 Radio: (0.0, 0.0, 0.0, 0, 0, 0)
0c2b4c1e37017109030042026507, Port 11020 Power: (7756, 311, 2417, 3, 578, 1893)
e52e00000000000000000000000000000000, Port 12005 Radio: (0.0, 0.0, 0.0, 0, 0, 0)
e52e00000000000000000000000000000000, Port 12005 Radio: (0.0, 0.0, 0.0, 0, 0, 0)
dc3261000d00940ac8de92fb94ff3c00c2fe2600, Port 13020 Sensor: (97, 13, 2708, -8504, -1134, -108, 60, -318, 38, 0)
e52e00000000000000000000000000000000, Port 12005 Radio: (0.0, 0.0, 0.0, 0, 0, 0)
0c2b3f1e37016d09030041026207, Port 11020 Power: (7743, 311, 2413, 3, 577, 1890)
e52e00000000000000000000000000000000, Port 12005 Radio: (0.0, 0.0, 0.0, 0, 0, 0)
e52e00000000000000000000000000000000, Port 12005 Radio: (0.0, 0.0, 0.0, 0, 0, 0)
dc3261000e00e4fd6bd9ba041a00f600e7ff2600, Port 13020 Sensor: (97, 14, -540, -9877, 1210, 26, 246, -25, 38, 0)
e52e00000000000000000000000000000000, Port 12005 Radio: (0.0, 0.0, 0.0, 0, 0, 0)
0c2b171e7c01760b030072020408, Port 11020 Power: (7703, 380, 2934, 3, 626, 2052)
e52e00000000000000000000000000000000, Port 12005 Radio: (0.0, 0.0, 0.0, 0, 0, 0)
e52e00000000000000000000000000000000, Port 12005 Radio: (0.0, 0.0, 0.0, 0, 0, 0)
dc3261000e001c002fda810408009e00e9ff2600, Port 13020 Sensor: (97, 14, 28, -9681, 1153, 8, 158, -23, 38, 0)
e52e00000000000000000000000000000000, Port 12005 Radio: (0.0, 0.0, 0.0, 0, 0, 0)
0c2b2c1e37016709030042026807, Port 11020 Power: (7724, 311, 2407, 3, 578, 1896)
e52e00000000000000000000000000000000, Port 12005 Radio: (0.0, 0.0, 0.0, 0, 0, 0)
e52e00000000000000000000000000000000, Port 12005 Radio: (0.0, 0.0, 0.0, 0, 0, 0)
dc3261000e00c5fe88d99cfb51ffe0ffcbff2600, Port 13020 Sensor: (97, 14, -315, -9848, -1124, -175, -32, -53, 38, 0)
e52e00000000000000000000000000000000, Port 12005 Radio: (0.0, 0.0, 0.0, 0, 0, 0)
dc3261000f0033ff69da6af82b00dcff0c002600, Port 13020 Sensor: (97, 15, -205, -9623, -1942, 43, -36, 12, 38, 0)
e52e00000000000000000000000000000000, Port 12005 Radio: (0.0, 0.0, 0.0, 0, 0, 0)
e52e00000000000000000000000000000000, Port 12005 Radio: (0.0, 0.0, 0.0, 0, 0, 0)
e52e00000000000000000000000000000000, Port 12005 Radio: (0.0, 0.0, 0.0, 0, 0, 0)
dc3261000f00d3fe45dbf7fbf4fff4fff0ff2600, Port 13020 Sensor: (97, 15, -301, -9403, -1033, -12, -12, -16, 38, 0)
e52e00000000000000000000000000000000, Port 12005 Radio: (0.0, 0.0, 0.0, 0, 0, 0)
e52e00000000000000000000000000000000, Port 12005 Radio: (0.0, 0.0, 0.0, 0, 0, 0)
e52e00000000000000000000000000000000, Port 12005 Radio: (0.0, 0.0, 0.0, 0, 0, 0)
dc3261000f006904ead6bd05c8ffaa00b2002600, Port 13020 Sensor: (97, 15, 1129, -10518, 1469, -56, 170, 178, 38, 0)
e52e00000000000000000000000000000000, Port 12005 Radio: (0.0, 0.0, 0.0, 0, 0, 0)
e52e00000000000000000000000000000000, Port 12005 Radio: (0.0, 0.0, 0.0, 0, 0, 0)
e52e00000000000000000000000000000000, Port 12005 Radio: (0.0, 0.0, 0.0, 0, 0, 0)
dc326100100066033edc59fb57fff300caff2600, Port 13020 Sensor: (97, 16, 870, -9154, -1191, -169, 243, -54, 38, 0)
e52e00000000000000000000000000000000, Port 12005 Radio: (0.0, 0.0, 0.0, 0, 0, 0)
e52e00000000000000000000000000000000, Port 12005 Radio: (0.0, 0.0, 0.0, 0, 0, 0)
e52e00000000000000000000000000000000, Port 12005 Radio: (0.0, 0.0, 0.0, 0, 0, 0)
dc326100100076ff83d93e04d7ff3700baff2600, Port 13020 Sensor: (97, 16, -138, -9853, 1086, -41, 55, -70, 38, 0)
e52e00000000000000000000000000000000, Port 12005 Radio: (0.0, 0.0, 0.0, 0, 0, 0)
e52e00000000000000000000000000000000, Port 12005 Radio: (0.0, 0.0, 0.0, 0, 0, 0)
e52e00000000000000000000000000000000, Port 12005 Radio: (0.0, 0.0, 0.0, 0, 0, 0)
0c2bf01d8001850b0300cc022909, Port 11020 Power: (7664, 384, 2949, 3, 716, 2345)
e52e00000000000000000000000000000000, Port 12005 Radio: (0.0, 0.0, 0.0, 0, 0, 0)
e52e00000000000000000000000000000000, Port 12005 Radio: (0.0, 0.0, 0.0, 0, 0, 0)
e52e00000000000000000000000000000000, Port 12005 Radio: (0.0, 0.0, 0.0, 0, 0, 0)
dc3261001100bbfe7ff7cdda1900daffeeff2600, Port 13020 Sensor: (97, 17, -325, -2177, -9523, 25, -38, -18, 38, 0)
e52e00000000000000000000000000000000, Port 12005 Radio: (0.0, 0.0, 0.0, 0, 0, 0)
e52e00000000000000000000000000000000, Port 12005 Radio: (0.0, 0.0, 0.0, 0, 0, 0)
e52e00000000000000000000000000000000, Port 12005 Radio: (0.0, 0.0, 0.0, 0, 0, 0)
dc326100110041f948f881dc1700e4ffebff2600, Port 13020 Sensor: (97, 17, -1727, -1976, -9087, 23, -28, -21, 38, 0)
e52e00000000000000000000000000000000, Port 12005 Radio: (0.0, 0.0, 0.0, 0, 0, 0)
e52e00000000000000000000000000000000, Port 12005 Radio: (0.0, 0.0, 0.0, 0, 0, 0)
0c2b041e3b017809030046027307, Port 11020 Power: (7684, 315, 2424, 3, 582, 1907)
dc32610011007af722f8aedb10000100f0ff2600, Port 13020 Sensor: (97, 17, -2182, -2014, -9298, 16, 1, -16, 38, 0)
e52e00000000000000000000000000000000, Port 12005 Radio: (0.0, 0.0, 0.0, 0, 0, 0)
e52e00000000000000000000000000000000, Port 12005 Radio: (0.0, 0.0, 0.0, 0, 0, 0)
e52e00000000000000000000000000000000, Port 12005 Radio: (0.0, 0.0, 0.0, 0, 0, 0)
dc3261001100230174d95f001400c5ffffff2600, Port 13020 Sensor: (97, 17, 291, -9868, 95, 20, -59, -1, 38, 0)
dc3261001100ef00a9d963ff1800ddffefff2600, Port 13020 Sensor: (97, 17, 239, -9815, -157, 24, -35, -17, 38, 0)
e52e00000000000000000000000000000000, Port 12005 Radio: (0.0, 0.0, 0.0, 0, 0, 0)
0c2bfc1d3b017609030048027907, Port 11020 Power: (7676, 315, 2422, 3, 584, 1913)
e52e00000000000000000000000000000000, Port 12005 Radio: (0.0, 0.0, 0.0, 0, 0, 0)
dc32610012006400cbd97fff1400e3fff1ff2600, Port 13020 Sensor: (97, 18, 100, -9781, -129, 20, -29, -15, 38, 0)
e52e00000000000000000000000000000000, Port 12005 Radio: (0.0, 0.0, 0.0, 0, 0, 0)
0c2bf81d3b017409030048027907, Port 11020 Power: (7672, 315, 2420, 3, 584, 1913)
e52e00000000000000000000000000000000, Port 12005 Radio: (0.0, 0.0, 0.0, 0, 0, 0)
dc3261001200e4ffe3d997ff1300e4ffefff2600, Port 13020 Sensor: (97, 18, -28, -9757, -105, 19, -28, -17, 38, 0)
e52e00000000000000000000000000000000, Port 12005 Radio: (0.0, 0.0, 0.0, 0, 0, 0)
0c2bf81d3b017409030048027907, Port 11020 Power: (7672, 315, 2420, 3, 584, 1913)
e52e00000000000000000000000000000000, Port 12005 Radio: (0.0, 0.0, 0.0, 0, 0, 0)
dc32610012004700c6d93cff1300e4fff0ff2600, Port 13020 Sensor: (97, 18, 71, -9786, -196, 19, -28, -16, 38, 0)
e52e00000000000000000000000000000000, Port 12005 Radio: (0.0, 0.0, 0.0, 0, 0, 0)
0c2bf41d3f019109030049027f07, Port 11020 Power: (7668, 319, 2449, 3, 585, 1919)
e52e00000000000000000000000000000000, Port 12005 Radio: (0.0, 0.0, 0.0, 0, 0, 0)
dc32610012008a009bd98eff1500e0fff3ff2600, Port 13020 Sensor: (97, 18, 138, -9829, -114, 21, -32, -13, 38, 0)
e52e00000000000000000000000000000000, Port 12005 Radio: (0.0, 0.0, 0.0, 0, 0, 0)
0c2bf01d3f018f09030048027907, Port 11020 Power: (7664, 319, 2447, 3, 584, 1913)
e52e00000000000000000000000000000000, Port 12005 Radio: (0.0, 0.0, 0.0, 0, 0, 0)
dc32610012008100b3d92eff1600eafff3ff2600, Port 13020 Sensor: (97, 18, 129, -9805, -210, 22, -22, -13, 38, 0)
e52e00000000000000000000000000000000, Port 12005 Radio: (0.0, 0.0, 0.0, 0, 0, 0)
0c2bec1d3f018e09030048027907, Port 11020 Power: (7660, 319, 2446, 3, 584, 1913)
e52e00000000000000000000000000000000, Port 12005 Radio: (0.0, 0.0, 0.0, 0, 0, 0)
e52e00000000000000000000000000000000, Port 12005 Radio: (0.0, 0.0, 0.0, 0, 0, 0)
dc3261001300ddfebcd92f001300d4ffeeff2600, Port 13020 Sensor: (97, 19, -291, -9796, 47, 19, -44, -18, 38, 0)
e52e00000000000000000000000000000000, Port 12005 Radio: (0.0, 0.0, 0.0, 0, 0, 0)
dc3261001300470096d920ff1600e4fff1ff2600, Port 13020 Sensor: (97, 19, 71, -9834, -224, 22, -28, -15, 38, 0)
e52e00000000000000000000000000000000, Port 12005 Radio: (0.0, 0.0, 0.0, 0, 0, 0)
dc32610013004700b7d941ff1300defff3ff2600, Port 13020 Sensor: (97, 19, 71, -9801, -191, 19, -34, -13, 38, 0)
e52e00000000000000000000000000000000, Port 12005 Radio: (0.0, 0.0, 0.0, 0, 0, 0)
0c2be81d3f018d09030048027907, Port 11020 Power: (7656, 319, 2445, 3, 584, 1913)
e52e00000000000000000000000000000000, Port 12005 Radio: (0.0, 0.0, 0.0, 0, 0, 0)
dc32610013007c00a4d903ff1300e3fff5ff2600, Port 13020 Sensor: (97, 19, 124, -9820, -253, 19, -29, -11, 38, 0)
e52e00000000000000000000000000000000, Port 12005 Radio: (0.0, 0.0, 0.0, 0, 0, 0)
0c2be41d3f018b09030048027907, Port 11020 Power: (7652, 319, 2443, 3, 584, 1913)
e52e00000000000000000000000000000000, Port 12005 Radio: (0.0, 0.0, 0.0, 0, 0, 0)
e52e00000000000000000000000000000000, Port 12005 Radio: (0.0, 0.0, 0.0, 0, 0, 0)
dc32610013000e00b3d913001300e9ffeeff2600, Port 13020 Sensor: (97, 19, 14, -9805, 19, 19, -23, -18, 38, 0)
e52e00000000000000000000000000000000, Port 12005 Radio: (0.0, 0.0, 0.0, 0, 0, 0)
e52e00000000000000000000000000000000, Port 12005 Radio: (0.0, 0.0, 0.0, 0, 0, 0)
0c2be01d3f018a09030048027907, Port 11020 Power: (7648, 319, 2442, 3, 584, 1913)
e52e00000000000000000000000000000000, Port 12005 Radio: (0.0, 0.0, 0.0, 0, 0, 0)
e52e00000000000000000000000000000000, Port 12005 Radio: (0.0, 0.0, 0.0, 0, 0, 0)
dc3261001300f7ff88d9daff0d001800e5ff2600, Port 13020 Sensor: (97, 19, -9, -9848, -38, 13, 24, -27, 38, 0)
e52e00000000000000000000000000000000, Port 12005 Radio: (0.0, 0.0, 0.0, 0, 0, 0)
e52e00000000000000000000000000000000, Port 12005 Radio: (0.0, 0.0, 0.0, 0, 0, 0)
dc32610013007c00a9d9ebfe1100e4fff2ff2600, Port 13020 Sensor: (97, 19, 124, -9815, -277, 17, -28, -14, 38, 0)
e52e00000000000000000000000000000000, Port 12005 Radio: (0.0, 0.0, 0.0, 0, 0, 0)
e52e00000000000000000000000000000000, Port 12005 Radio: (0.0, 0.0, 0.0, 0, 0, 0)
dc32610013006900aed908ff0f00f1fff2ff2600, Port 13020 Sensor: (97, 19, 105, -9810, -248, 15, -15, -14, 38, 0)
e52e00000000000000000000000000000000, Port 12005 Radio: (0.0, 0.0, 0.0, 0, 0, 0)
e52e00000000000000000000000000000000, Port 12005 Radio: (0.0, 0.0, 0.0, 0, 0, 0)
0c2bdc1d3f018909030048027907, Port 11020 Power: (7644, 319, 2441, 3, 584, 1913)
e52e00000000000000000000000000000000, Port 12005 Radio: (0.0, 0.0, 0.0, 0, 0, 0)
e52e00000000000000000000000000000000, Port 12005 Radio: (0.0, 0.0, 0.0, 0, 0, 0)
dc326100130026006bd954ff1300e9fff0ff2600, Port 13020 Sensor: (97, 19, 38, -9877, -172, 19, -23, -16, 38, 0)
e52e00000000000000000000000000000000, Port 12005 Radio: (0.0, 0.0, 0.0, 0, 0, 0)
e52e00000000000000000000000000000000, Port 12005 Radio: (0.0, 0.0, 0.0, 0, 0, 0)
0c2bd81d3f018809030048027907, Port 11020 Power: (7640, 319, 2440, 3, 584, 1913)
e52e00000000000000000000000000000000, Port 12005 Radio: (0.0, 0.0, 0.0, 0, 0, 0)
e52e00000000000000000000000000000000, Port 12005 Radio: (0.0, 0.0, 0.0, 0, 0, 0)
dc32610013002100b3d941ff0f00e1fff3ff2600, Port 13020 Sensor: (97, 19, 33, -9805, -191, 15, -31, -13, 38, 0)
e52e00000000000000000000000000000000, Port 12005 Radio: (0.0, 0.0, 0.0, 0, 0, 0)
e52e00000000000000000000000000000000, Port 12005 Radio: (0.0, 0.0, 0.0, 0, 0, 0)
dc32610013003e00ecd96cff1100e9fff2ff2600, Port 13020 Sensor: (97, 19, 62, -9748, -148, 17, -23, -14, 38, 0)
e52e00000000000000000000000000000000, Port 12005 Radio: (0.0, 0.0, 0.0, 0, 0, 0)
e52e00000000000000000000000000000000, Port 12005 Radio: (0.0, 0.0, 0.0, 0, 0, 0)
dc32610014007200cfd98eff1300ebfff1ff2600, Port 13020 Sensor: (97, 20, 114, -9777, -114, 19, -21, -15, 38, 0)
e52e00000000000000000000000000000000, Port 12005 Radio: (0.0, 0.0, 0.0, 0, 0, 0)
e52e00000000000000000000000000000000, Port 12005 Radio: (0.0, 0.0, 0.0, 0, 0, 0)
dc32610014005a00a4d94bff1200e8fff2ff2600, Port 13020 Sensor: (97, 20, 90, -9820, -181, 18, -24, -14, 38, 0)
e52e00000000000000000000000000000000, Port 12005 Radio: (0.0, 0.0, 0.0, 0, 0, 0)
e52e00000000000000000000000000000000, Port 12005 Radio: (0.0, 0.0, 0.0, 0, 0, 0)
dc32610014001c00d9d96cff1300e9fff2ff2600, Port 13020 Sensor: (97, 20, 28, -9767, -148, 19, -23, -14, 38, 0)
e52e00000000000000000000000000000000, Port 12005 Radio: (0.0, 0.0, 0.0, 0, 0, 0)
e52e00000000000000000000000000000000, Port 12005 Radio: (0.0, 0.0, 0.0, 0, 0, 0)
dc32610014000400c1d9aaff1000e5fff3ff2600, Port 13020 Sensor: (97, 20, 4, -9791, -86, 16, -27, -13, 38, 0)
e52e00000000000000000000000000000000, Port 12005 Radio: (0.0, 0.0, 0.0, 0, 0, 0)
e52e00000000000000000000000000000000, Port 12005 Radio: (0.0, 0.0, 0.0, 0, 0, 0)
dc3261001400340079d963ff1600e5fff1ff2600, Port 13020 Sensor: (97, 20, 52, -9863, -157, 22, -27, -15, 38, 0)
e52e00000000000000000000000000000000, Port 12005 Radio: (0.0, 0.0, 0.0, 0, 0, 0)
e52e00000000000000000000000000000000, Port 12005 Radio: (0.0, 0.0, 0.0, 0, 0, 0)
dc32610014005a009bd946ff1000ecffefff2600, Port 13020 Sensor: (97, 20, 90, -9829, -186, 16, -20, -17, 38, 0)
e52e00000000000000000000000000000000, Port 12005 Radio: (0.0, 0.0, 0.0, 0, 0, 0)
e52e00000000000000000000000000000000, Port 12005 Radio: (0.0, 0.0, 0.0, 0, 0, 0)
e52e00000000000000000000000000000000, Port 12005 Radio: (0.0, 0.0, 0.0, 0, 0, 0)
e52e00000000000000000000000000000000, Port 12005 Radio: (0.0, 0.0, 0.0, 0, 0, 0)
0c2bc81d6901c50a030048027907, Port 11020 Power: (7624, 361, 2757, 3, 584, 1913)
e52e00000000000000000000000000000000, Port 12005 Radio: (0.0, 0.0, 0.0, 0, 0, 0)
e52e00000000000000000000000000000000, Port 12005 Radio: (0.0, 0.0, 0.0, 0, 0, 0)
e52e00000000000000000000000000000000, Port 12005 Radio: (0.0, 0.0, 0.0, 0, 0, 0)
e52e00000000000000000000000000000000, Port 12005 Radio: (0.0, 0.0, 0.0, 0, 0, 0)
0c2ba81d8401860b0300d2023b09, Port 11020 Power: (7592, 388, 2950, 3, 722, 2363)
e52e00000000000000000000000000000000, Port 12005 Radio: (0.0, 0.0, 0.0, 0, 0, 0)
e52e00000000000000000000000000000000, Port 12005 Radio: (0.0, 0.0, 0.0, 0, 0, 0)
e52e00000000000000000000000000000000, Port 12005 Radio: (0.0, 0.0, 0.0, 0, 0, 0)
e52e00000000000000000000000000000000, Port 12005 Radio: (0.0, 0.0, 0.0, 0, 0, 0)
0c2ba41d8401850b0300d3024009, Port 11020 Power: (7588, 388, 2949, 3, 723, 2368)
e52e00000000000000000000000000000000, Port 12005 Radio: (0.0, 0.0, 0.0, 0, 0, 0)
e52e00000000000000000000000000000000, Port 12005 Radio: (0.0, 0.0, 0.0, 0, 0, 0)
e52e00000000000000000000000000000000, Port 12005 Radio: (0.0, 0.0, 0.0, 0, 0, 0)
e52e00000000000000000000000000000000, Port 12005 Radio: (0.0, 0.0, 0.0, 0, 0, 0)
0c2ba01d8401830b0300d2023b09, Port 11020 Power: (7584, 388, 2947, 3, 722, 2363)
e52e00000000000000000000000000000000, Port 12005 Radio: (0.0, 0.0, 0.0, 0, 0, 0)
e52e00000000000000000000000000000000, Port 12005 Radio: (0.0, 0.0, 0.0, 0, 0, 0)
e52e00000000000000000000000000000000, Port 12005 Radio: (0.0, 0.0, 0.0, 0, 0, 0)
e52e00000000000000000000000000000000, Port 12005 Radio: (0.0, 0.0, 0.0, 0, 0, 0)
0c2ba01d8401830b0300d2023b09, Port 11020 Power: (7584, 388, 2947, 3, 722, 2363)
e52e00000000000000000000000000000000, Port 12005 Radio: (0.0, 0.0, 0.0, 0, 0, 0)
e52e00000000000000000000000000000000, Port 12005 Radio: (0.0, 0.0, 0.0, 0, 0, 0)
e52e00000000000000000000000000000000, Port 12005 Radio: (0.0, 0.0, 0.0, 0, 0, 0)
e52e00000000000000000000000000000000, Port 12005 Radio: (0.0, 0.0, 0.0, 0, 0, 0)
0c2b9c1d88019f0b0300d3024309, Port 11020 Power: (7580, 392, 2975, 3, 723, 2371)
e52e00000000000000000000000000000000, Port 12005 Radio: (0.0, 0.0, 0.0, 0, 0, 0)
e52e00000000000000000000000000000000, Port 12005 Radio: (0.0, 0.0, 0.0, 0, 0, 0)
e52e00000000000000000000000000000000, Port 12005 Radio: (0.0, 0.0, 0.0, 0, 0, 0)
e52e00000000000000000000000000000000, Port 12005 Radio: (0.0, 0.0, 0.0, 0, 0, 0)
0c2bb01d4301980903006902e507, Port 11020 Power: (7600, 323, 2456, 3, 617, 2021)
e52e00000000000000000000000000000000, Port 12005 Radio: (0.0, 0.0, 0.0, 0, 0, 0)
e52e00000000000000000000000000000000, Port 12005 Radio: (0.0, 0.0, 0.0, 0, 0, 0)
e52e00000000000000000000000000000000, Port 12005 Radio: (0.0, 0.0, 0.0, 0, 0, 0)
e52e00000000000000000000000000000000, Port 12005 Radio: (0.0, 0.0, 0.0, 0, 0, 0)
0c2b941d88019b0b0300d3024309, Port 11020 Power: (7572, 392, 2971, 3, 723, 2371)
e52e00000000000000000000000000000000, Port 12005 Radio: (0.0, 0.0, 0.0, 0, 0, 0)
dc3261001500dfffa9d9b4ff1200e2fff3ff2600, Port 13020 Sensor: (97, 21, -33, -9815, -76, 18, -30, -13, 38, 0)
e52e00000000000000000000000000000000, Port 12005 Radio: (0.0, 0.0, 0.0, 0, 0, 0)
dc32610015001c00aed963ff1200e8fff0ff2600, Port 13020 Sensor: (97, 21, 28, -9810, -157, 18, -24, -16, 38, 0)
0c2b981d430190090300d3024009, Port 11020 Power: (7576, 323, 2448, 3, 723, 2368)
e52e00000000000000000000000000000000, Port 12005 Radio: (0.0, 0.0, 0.0, 0, 0, 0)
dc3261001500edffaed94bff0800e9ffe8ff2600, Port 13020 Sensor: (97, 21, -19, -9810, -181, 8, -23, -24, 38, 0)
e52e00000000000000000000000000000000, Port 12005 Radio: (0.0, 0.0, 0.0, 0, 0, 0)
dc3261001500aaffa9d92eff1000dbfff7ff2600, Port 13020 Sensor: (97, 21, -86, -9815, -210, 16, -37, -9, 38, 0)
e52e00000000000000000000000000000000, Port 12005 Radio: (0.0, 0.0, 0.0, 0, 0, 0)
e52e00000000000000000000000000000000, Port 12005 Radio: (0.0, 0.0, 0.0, 0, 0, 0)
dc32610015002f00a4d997ff0f00eeffeeff2600, Port 13020 Sensor: (97, 21, 47, -9820, -105, 15, -18, -18, 38, 0)
e52e00000000000000000000000000000000, Port 12005 Radio: (0.0, 0.0, 0.0, 0, 0, 0)
dc32610015009d0091d91bff1500e8fff4ff2600, Port 13020 Sensor: (97, 21, 157, -9839, -229, 21, -24, -12, 38, 0)
e52e00000000000000000000000000000000, Port 12005 Radio: (0.0, 0.0, 0.0, 0, 0, 0)
e52e00000000000000000000000000000000, Port 12005 Radio: (0.0, 0.0, 0.0, 0, 0, 0)
dc3261001500e00091d989ff1100edffeeff2600, Port 13020 Sensor: (97, 21, 224, -9839, -119, 17, -19, -18, 38, 0)
e52e00000000000000000000000000000000, Port 12005 Radio: (0.0, 0.0, 0.0, 0, 0, 0)
dc3261001500130088d916ff1000fbffefff2600, Port 13020 Sensor: (97, 21, 19, -9848, -234, 16, -5, -17, 38, 0)
e52e00000000000000000000000000000000, Port 12005 Radio: (0.0, 0.0, 0.0, 0, 0, 0)
e52e00000000000000000000000000000000, Port 12005 Radio: (0.0, 0.0, 0.0, 0, 0, 0)
dc3261001500e000ecd9a1ff0e00f5ffedff2600, Port 13020 Sensor: (97, 21, 224, -9748, -95, 14, -11, -19, 38, 0)
e52e00000000000000000000000000000000, Port 12005 Radio: (0.0, 0.0, 0.0, 0, 0, 0)
dc3261001500afffa0d920ff1000f0ffedff2600, Port 13020 Sensor: (97, 21, -81, -9824, -224, 16, -16, -19, 38, 0)
e52e00000000000000000000000000000000, Port 12005 Radio: (0.0, 0.0, 0.0, 0, 0, 0)
e52e00000000000000000000000000000000, Port 12005 Radio: (0.0, 0.0, 0.0, 0, 0, 0)
dc32610015003e00a0d9c7ff1500c3fff8ff2600, Port 13020 Sensor: (97, 21, 62, -9824, -57, 21, -61, -8, 38, 0)
e52e00000000000000000000000000000000, Port 12005 Radio: (0.0, 0.0, 0.0, 0, 0, 0)
dc3261001500070174d9d1ff1100f3ffefff2600, Port 13020 Sensor: (97, 21, 263, -9868, -47, 17, -13, -17, 38, 0)
e52e00000000000000000000000000000000, Port 12005 Radio: (0.0, 0.0, 0.0, 0, 0, 0)
e52e00000000000000000000000000000000, Port 12005 Radio: (0.0, 0.0, 0.0, 0, 0, 0)
dc3261001500850088d94c000d00fdffeeff2600, Port 13020 Sensor: (97, 21, 133, -9848, 76, 13, -3, -18, 38, 0)
e52e00000000000000000000000000000000, Port 12005 Radio: (0.0, 0.0, 0.0, 0, 0, 0)
dc326100150007019bd9d5f9f6ff4200f5ff2600, Port 13020 Sensor: (97, 21, 263, -9829, -1579, -10, 66, -11, 38, 0)
e52e00000000000000000000000000000000, Port 12005 Radio: (0.0, 0.0, 0.0, 0, 0, 0)
e52e00000000000000000000000000000000, Port 12005 Radio: (0.0, 0.0, 0.0, 0, 0, 0)
dc326100150047007ed93e001000faffeaff2600, Port 13020 Sensor: (97, 21, 71, -9858, 62, 16, -6, -22, 38, 0)
e52e00000000000000000000000000000000, Port 12005 Radio: (0.0, 0.0, 0.0, 0, 0, 0)
0c2b701d88018d0b0300d3024309, Port 11020 Power: (7536, 392, 2957, 3, 723, 2371)
e52e00000000000000000000000000000000, Port 12005 Radio: (0.0, 0.0, 0.0, 0, 0, 0)
e52e00000000000000000000000000000000, Port 12005 Radio: (0.0, 0.0, 0.0, 0, 0, 0)
e52e00000000000000000000000000000000, Port 12005 Radio: (0.0, 0.0, 0.0, 0, 0, 0)
0c2b841d6501900a030049027f07, Port 11020 Power: (7556, 357, 2704, 3, 585, 1919)
e52e00000000000000000000000000000000, Port 12005 Radio: (0.0, 0.0, 0.0, 0, 0, 0)
e52e00000000000000000000000000000000, Port 12005 Radio: (0.0, 0.0, 0.0, 0, 0, 0)
e52e00000000000000000000000000000000, Port 12005 Radio: (0.0, 0.0, 0.0, 0, 0, 0)
0c2b641d8801890b0300d5024609, Port 11020 Power: (7524, 392, 2953, 3, 725, 2374)
e52e00000000000000000000000000000000, Port 12005 Radio: (0.0, 0.0, 0.0, 0, 0, 0)
e52e00000000000000000000000000000000, Port 12005 Radio: (0.0, 0.0, 0.0, 0, 0, 0)
e52e00000000000000000000000000000000, Port 12005 Radio: (0.0, 0.0, 0.0, 0, 0, 0)
0c2b5c1d9001bf0b030076021008, Port 11020 Power: (7516, 400, 3007, 3, 630, 2064)
e52e00000000000000000000000000000000, Port 12005 Radio: (0.0, 0.0, 0.0, 0, 0, 0)
e52e00000000000000000000000000000000, Port 12005 Radio: (0.0, 0.0, 0.0, 0, 0, 0)
e52e00000000000000000000000000000000, Port 12005 Radio: (0.0, 0.0, 0.0, 0, 0, 0)
0c2b581d9001be0b0300d5024909, Port 11020 Power: (7512, 400, 3006, 3, 725, 2377)
e52e00000000000000000000000000000000, Port 12005 Radio: (0.0, 0.0, 0.0, 0, 0, 0)
e52e00000000000000000000000000000000, Port 12005 Radio: (0.0, 0.0, 0.0, 0, 0, 0)
e52e00000000000000000000000000000000, Port 12005 Radio: (0.0, 0.0, 0.0, 0, 0, 0)
0c2b581d8c01a10b0300d7024f09, Port 11020 Power: (7512, 396, 2977, 3, 727, 2383)
e52e00000000000000000000000000000000, Port 12005 Radio: (0.0, 0.0, 0.0, 0, 0, 0)
e52e00000000000000000000000000000000, Port 12005 Radio: (0.0, 0.0, 0.0, 0, 0, 0)
e52e00000000000000000000000000000000, Port 12005 Radio: (0.0, 0.0, 0.0, 0, 0, 0)
0c2b4c1d9001b90b0300de026609, Port 11020 Power: (7500, 400, 3001, 3, 734, 2406)
e52e00000000000000000000000000000000, Port 12005 Radio: (0.0, 0.0, 0.0, 0, 0, 0)
e52e00000000000000000000000000000000, Port 12005 Radio: (0.0, 0.0, 0.0, 0, 0, 0)
e52e00000000000000000000000000000000, Port 12005 Radio: (0.0, 0.0, 0.0, 0, 0, 0)
0c2b4c1d8c019c0b0300d5024609, Port 11020 Power: (7500, 396, 2972, 3, 725, 2374)
e52e00000000000000000000000000000000, Port 12005 Radio: (0.0, 0.0, 0.0, 0, 0, 0)
e52e00000000000000000000000000000000, Port 12005 Radio: (0.0, 0.0, 0.0, 0, 0, 0)
e52e00000000000000000000000000000000, Port 12005 Radio: (0.0, 0.0, 0.0, 0, 0, 0)
0c2b4c1d8401620b0300d2023e09, Port 11020 Power: (7500, 388, 2914, 3, 722, 2366)
e52e00000000000000000000000000000000, Port 12005 Radio: (0.0, 0.0, 0.0, 0, 0, 0)
e52e00000000000000000000000000000000, Port 12005 Radio: (0.0, 0.0, 0.0, 0, 0, 0)
e52e00000000000000000000000000000000, Port 12005 Radio: (0.0, 0.0, 0.0, 0, 0, 0)
0c2b441d8c01990b0300c5021409, Port 11020 Power: (7492, 396, 2969, 3, 709, 2324)
e52e00000000000020020000000000000000, Port 12005 Radio: (0.0, 1.17549e-37, 0.0, 0, 0, 0)
e52e00000000000000000000000000000000, Port 12005 Radio: (0.0, 0.0, 0.0, 0, 0, 0)
dc3261001300c0265602a0011200e9fff1ff260f, Port 13020 Sensor: (97, 19, 9920, 598, 416, 18, -23, -15, 38, 15)
e52e00000000000000000000000000000000, Port 12005 Radio: (0.0, 0.0, 0.0, 0, 0, 0)
e52e00000000000000000000000000000000, Port 12005 Radio: (0.0, 0.0, 0.0, 0, 0, 0)
e52e00000000000000000000000000000000, Port 12005 Radio: (0.0, 0.0, 0.0, 0, 0, 0)
dc32610013008c266902ae011100e6fff1ff260f, Port 13020 Sensor: (97, 19, 9868, 617, 430, 17, -26, -15, 38, 15)
0c2b341d9001af0b0300c3020f09, Port 11020 Power: (7476, 400, 2991, 3, 707, 2319)
dc3261001300a32664029b011200e0fff2ff260f, Port 13020 Sensor: (97, 19, 9891, 612, 411, 18, -32, -14, 38, 15)
e52e00000000000000000000000000000000, Port 12005 Radio: (0.0, 0.0, 0.0, 0, 0, 0)
e52e00000000000000000000000000000000, Port 12005 Radio: (0.0, 0.0, 0.0, 0, 0, 0)
e52e00000000000000000000000000000000, Port 12005 Radio: (0.0, 0.0, 0.0, 0, 0, 0)
dc3261001300dd262f02ae011300e6ffefff260f, Port 13020 Sensor: (97, 19, 9949, 559, 430, 19, -26, -17, 38, 15)
e52e00000000000000000000000000000000, Port 12005 Radio: (0.0, 0.0, 0.0, 0, 0, 0)
dc32610013009f265f028d011200e6fff0ff260f, Port 13020 Sensor: (97, 19, 9887, 607, 397, 18, -26, -16, 38, 15)
0c2b2c1d8801730b0300c0020309, Port 11020 Power: (7468, 392, 2931, 3, 704, 2307)
dc3261001300ad262102ae011100e7fff1ff260f, Port 13020 Sensor: (97, 19, 9901, 545, 430, 17, -25, -15, 38, 15)
e52e00000000000000000000000000000000, Port 12005 Radio: (0.0, 0.0, 0.0, 0, 0, 0)
0c2b271d8c018e0b0300be02fd08, Port 11020 Power: (7463, 396, 2958, 3, 702, 2301)
e52e00000000000000000000000000000000, Port 12005 Radio: (0.0, 0.0, 0.0, 0, 0, 0)
dc3261001400b2265102b3011000e7fff1ff260f, Port 13020 Sensor: (97, 20, 9906, 593, 435, 16, -25, -15, 38, 15)
e52e00000000000000000000000000000000, Port 12005 Radio: (0.0, 0.0, 0.0, 0, 0, 0)
dc3261001400b2265602b3011100e6fff0ff260f, Port 13020 Sensor: (97, 20, 9906, 598, 435, 17, -26, -16, 38, 15)
e52e00000000000000000000000000000000, Port 12005 Radio: (0.0, 0.0, 0.0, 0, 0, 0)
dc326100140087267c028d011100e9fff1ff260f, Port 13020 Sensor: (97, 20, 9863, 636, 397, 17, -23, -15, 38, 15)
e52e00000000000000000000000000000000, Port 12005 Radio: (0.0, 0.0, 0.0, 0, 0, 0)
dc3261001400bb264c02a9011200eafff1ff260f, Port 13020 Sensor: (97, 20, 9915, 588, 425, 18, -22, -15, 38, 15)
e52e00000000000000000000000000000000, Port 12005 Radio: (0.0, 0.0, 0.0, 0, 0, 0)
dc3261001400d8267c02c1011300ecfff1ff260f, Port 13020 Sensor: (97, 20, 9944, 636, 449, 19, -20, -15, 38, 15)
e52e00000000000000000000000000000000, Port 12005 Radio: (0.0, 0.0, 0.0, 0, 0, 0)
dc3261001400b2265102c1011200e6fff1ff260f, Port 13020 Sensor: (97, 20, 9906, 593, 449, 18, -26, -15, 38, 15)
dc326100140074265f02c6011200e7fff1ff260f, Port 13020 Sensor: (97, 20, 9844, 607, 454, 18, -25, -15, 38, 15)
e52e00000000000000000000000000000000, Port 12005 Radio: (0.0, 0.0, 0.0, 0, 0, 0)
e52e00000000000000000000000000000000, Port 12005 Radio: (0.0, 0.0, 0.0, 0, 0, 0)
dc3261001400b7267c02cb011100e5fff1ff260f, Port 13020 Sensor: (97, 20, 9911, 636, 459, 17, -27, -15, 38, 15)
e52e00000000000000000000000000000000, Port 12005 Radio: (0.0, 0.0, 0.0, 0, 0, 0)
e52e00000000000000000000000000000000, Port 12005 Radio: (0.0, 0.0, 0.0, 0, 0, 0)
dc32610014009a267202de011100e7ffefff260f, Port 13020 Sensor: (97, 20, 9882, 626, 478, 17, -25, -17, 38, 15)
0c2b301d47018b09030036023f07, Port 11020 Power: (7472, 327, 2443, 3, 566, 1855)
e52e00000000000000000000000000000000, Port 12005 Radio: (0.0, 0.0, 0.0, 0, 0, 0)
dc3261001400ca268102ae011100e6fff0ff260f, Port 13020 Sensor: (97, 20, 9930, 641, 430, 17, -26, -16, 38, 15)
e52e00000000000000000000000000000000, Port 12005 Radio: (0.0, 0.0, 0.0, 0, 0, 0)
e52e00000000000000000000000000000000, Port 12005 Radio: (0.0, 0.0, 0.0, 0, 0, 0)
dc3261001400d32643028d011100e8fff2ff260f, Port 13020 Sensor: (97, 20, 9939, 579, 397, 17, -24, -14, 38, 15)
0c2b2c1d7901000b030049027f07, Port 11020 Power: (7468, 377, 2816, 3, 585, 1919)
e52e00000000000000000000000000000000, Port 12005 Radio: (0.0, 0.0, 0.0, 0, 0, 0)
dc3261001400a3268102e8011100e8fff0ff260f, Port 13020 Sensor: (97, 20, 9891, 641, 488, 17, -24, -16, 38, 15)
e52e00000000000000000000000000000000, Port 12005 Radio: (0.0, 0.0, 0.0, 0, 0, 0)
dc32610014009a268602b3011100e6fff0ff260f, Port 13020 Sensor: (97, 20, 9882, 646, 435, 17, -26, -16, 38, 15)
0c2b271d8c018e0b030039024a07, Port 11020 Power: (7463, 396, 2958, 3, 569, 1866)
e52e00000000000000000000000000000000, Port 12005 Radio: (0.0, 0.0, 0.0, 0, 0, 0)
dc3261001400ca264c02e3011200e6fff0ff260f, Port 13020 Sensor: (97, 20, 9930, 588, 483, 18, -26, -16, 38, 15)
e52e00000000000000000000000000000000, Port 12005 Radio: (0.0, 0.0, 0.0, 0, 0, 0)
e52e00000000000000000000000000000000, Port 12005 Radio: (0.0, 0.0, 0.0, 0, 0, 0)
0c2b0b1d8401490b0300be02fd08, Port 11020 Power: (7435, 388, 2889, 3, 702, 2301)
e52e00000000000000000000000000000000, Port 12005 Radio: (0.0, 0.0, 0.0, 0, 0, 0)
e52e00000000000000000000000000000000, Port 12005 Radio: (0.0, 0.0, 0.0, 0, 0, 0)
e52e00000000000000000000000000000000, Port 12005 Radio: (0.0, 0.0, 0.0, 0, 0, 0)
dc326100140090263402a9011100e8fff0ff260f, Port 13020 Sensor: (97, 20, 9872, 564, 425, 17, -24, -16, 38, 15)
0c2b1b1d88016c0b030034023907, Port 11020 Power: (7451, 392, 2924, 3, 564, 1849)
e52e00000000000000000000000000000000, Port 12005 Radio: (0.0, 0.0, 0.0, 0, 0, 0)
e52e00000000000000000000000000000000, Port 12005 Radio: (0.0, 0.0, 0.0, 0, 0, 0)
dc326100140095266e02de011200e9fff1ff260f, Port 13020 Sensor: (97, 20, 9877, 622, 478, 18, -23, -15, 38, 15)
e52e00000000000000000000000000000000, Port 12005 Radio: (0.0, 0.0, 0.0, 0, 0, 0)
e52e00000000000000000000000000000000, Port 12005 Radio: (0.0, 0.0, 0.0, 0, 0, 0)
e52e00000000000000000000000000000000, Port 12005 Radio: (0.0, 0.0, 0.0, 0, 0, 0)
0c2b001d8c017e0b0300bc02f808, Port 11020 Power: (7424, 396, 2942, 3, 700, 2296)
e52e00000000000000000000000000000000, Port 12005 Radio: (0.0, 0.0, 0.0, 0, 0, 0)
dc3261001400b2268102ae011300e7fff2ff260f, Port 13020 Sensor: (97, 20, 9906, 641, 430, 19, -25, -14, 38, 15)
e52e00000000000000000000000000000000, Port 12005 Radio: (0.0, 0.0, 0.0, 0, 0, 0)
0c2b181d4a01a009030048027907, Port 11020 Power: (7448, 330, 2464, 3, 584, 1913)
e52e00000000000000000000000000000000, Port 12005 Radio: (0.0, 0.0, 0.0, 0, 0, 0)
dc3261001400b7265102bd011400e7fff0ff260f, Port 13020 Sensor: (97, 20, 9911, 593, 445, 20, -25, -16, 38, 15)
0c2bf81c9001970b0300c2020909, Port 11020 Power: (7416, 400, 2967, 3, 706, 2313)
e52e00000000000000000000000000000000, Port 12005 Radio: (0.0, 0.0, 0.0, 0, 0, 0)
dc32610014009f267202d4011000e8fff0ff260f, Port 13020 Sensor: (97, 20, 9887, 626, 468, 16, -24, -16, 38, 15)
e52e00000000000000000000000000000000, Port 12005 Radio: (0.0, 0.0, 0.0, 0, 0, 0)
e52e00000000000000000000000000000000, Port 12005 Radio: (0.0, 0.0, 0.0, 0, 0, 0)
e52e00000000000000000000000000000000, Port 12005 Radio: (0.0, 0.0, 0.0, 0, 0, 0)
e52e00000000000000000000000000000000, Port 12005 Radio: (0.0, 0.0, 0.0, 0, 0, 0)
e52e00000000000000000000000000000000, Port 12005 Radio: (0.0, 0.0, 0.0, 0, 0, 0)
e52e00000000000000000000000000000000, Port 12005 Radio: (0.0, 0.0, 0.0, 0, 0, 0)
0c2bf01c9001940b0300c3020f09, Port 11020 Power: (7408, 400, 2964, 3, 707, 2319)
dc3261001500eb266902d9011200e9fff2ff260f, Port 13020 Sensor: (97, 21, 9963, 617, 473, 18, -23, -14, 38, 15)
e52e00000000000000000000000000000000, Port 12005 Radio: (0.0, 0.0, 0.0, 0, 0, 0)
e52e00000000000000000000000000000000, Port 12005 Radio: (0.0, 0.0, 0.0, 0, 0, 0)
0c2be81c8c01740b0300c3020f09, Port 11020 Power: (7400, 396, 2932, 3, 707, 2319)
e52e00000000000000000000000000000000, Port 12005 Radio: (0.0, 0.0, 0.0, 0, 0, 0)
e52e00000000000000000000000000000000, Port 12005 Radio: (0.0, 0.0, 0.0, 0, 0, 0)
e52e00000000000000000000000000000000, Port 12005 Radio: (0.0, 0.0, 0.0, 0, 0, 0)
e52e00000000000000000000000000000000, Port 12005 Radio: (0.0, 0.0, 0.0, 0, 0, 0)
0c2be31c8c01730b0300c0020309, Port 11020 Power: (7395, 396, 2931, 3, 704, 2307)
e52e00000000000000000000000000000000, Port 12005 Radio: (0.0, 0.0, 0.0, 0, 0, 0)
e52e00000000000000000000000000000000, Port 12005 Radio: (0.0, 0.0, 0.0, 0, 0, 0)
e52e00000000000000000000000000000000, Port 12005 Radio: (0.0, 0.0, 0.0, 0, 0, 0)
e52e00000000000000000000000000000000, Port 12005 Radio: (0.0, 0.0, 0.0, 0, 0, 0)
0c2be31c90018f0b0300c3020f09, Port 11020 Power: (7395, 400, 2959, 3, 707, 2319)
e52e00000000000000000000000000000000, Port 12005 Radio: (0.0, 0.0, 0.0, 0, 0, 0)
e52e00000000000000000000000000000000, Port 12005 Radio: (0.0, 0.0, 0.0, 0, 0, 0)
e52e00000000000000000000000000000000, Port 12005 Radio: (0.0, 0.0, 0.0, 0, 0, 0)
e52e00000000000000000000000000000000, Port 12005 Radio: (0.0, 0.0, 0.0, 0, 0, 0)
0c2be31c90018f0b0300c5021409, Port 11020 Power: (7395, 400, 2959, 3, 709, 2324)
e52e00000000000000000000000000000000, Port 12005 Radio: (0.0, 0.0, 0.0, 0, 0, 0)
e52e00000000000000000000000000000000, Port 12005 Radio: (0.0, 0.0, 0.0, 0, 0, 0)
e52e00000000000000000000000000000000, Port 12005 Radio: (0.0, 0.0, 0.0, 0, 0, 0)
e52e00000000000000000000000000000000, Port 12005 Radio: (0.0, 0.0, 0.0, 0, 0, 0)
0c2be01c8801550b0300ca022609, Port 11020 Power: (7392, 392, 2901, 3, 714, 2342)
e52e00000000000000000000000000000000, Port 12005 Radio: (0.0, 0.0, 0.0, 0, 0, 0)
e52e00000000000000000000000000000000, Port 12005 Radio: (0.0, 0.0, 0.0, 0, 0, 0)
e52e00000000000000000000000000000000, Port 12005 Radio: (0.0, 0.0, 0.0, 0, 0, 0)
dc326100150078264702c6011000e7fff0ff260f, Port 13020 Sensor: (97, 21, 9848, 583, 454, 16, -25, -16, 38, 15)
e52e00000000000000000000000000000000, Port 12005 Radio: (0.0, 0.0, 0.0, 0, 0, 0)
e52e00000000000000000000000000000000, Port 12005 Radio: (0.0, 0.0, 0.0, 0, 0, 0)
e52e00000000000000000000000000000000, Port 12005 Radio: (0.0, 0.0, 0.0, 0, 0, 0)
dc3261001500f0265602d0011200e7fff3ff260f, Port 13020 Sensor: (97, 21, 9968, 598, 464, 18, -25, -13, 38, 15)
0c2bd81c90018b0b0300c5021409, Port 11020 Power: (7384, 400, 2955, 3, 709, 2324)
e52e00000000000000000000000000000000, Port 12005 Radio: (0.0, 0.0, 0.0, 0, 0, 0)
dc3261001500e6267202bd011300e7fff1ff260f, Port 13020 Sensor: (97, 21, 9958, 626, 445, 19, -25, -15, 38, 15)
e52e00000000000000000000000000000000, Port 12005 Radio: (0.0, 0.0, 0.0, 0, 0, 0)
dc326100150095265602d4011100e8fff1ff260f, Port 13020 Sensor: (97, 21, 9877, 598, 468, 17, -24, -15, 38, 15)
0c2bd31c9701c20b0300c5021409, Port 11020 Power: (7379, 407, 3010, 3, 709, 2324)
e52e00000000000000000000000000000000, Port 12005 Radio: (0.0, 0.0, 0.0, 0, 0, 0)
dc3261001500ad265a02ae011200e9fff1ff260f, Port 13020 Sensor: (97, 21, 9901, 602, 430, 18, -23, -15, 38, 15)
e52e00000000000000000000000000000000, Port 12005 Radio: (0.0, 0.0, 0.0, 0, 0, 0)
dc326100150090265f02de011100e8fff2ff260f, Port 13020 Sensor: (97, 21, 9872, 607, 478, 17, -24, -14, 38, 15)
0c2bd31c9001890b0300c0020309, Port 11020 Power: (7379, 400, 2953, 3, 704, 2307)
e52e00000000000000000000000000000000, Port 12005 Radio: (0.0, 0.0, 0.0, 0, 0, 0)
dc3261001500c0265102cb011000e6fff1ff260f, Port 13020 Sensor: (97, 21, 9920, 593, 459, 16, -26, -15, 38, 15)
e52e00000000000000000000000000000000, Port 12005 Radio: (0.0, 0.0, 0.0, 0, 0, 0)
dc32610015007d267702de011200e8fff1ff260f, Port 13020 Sensor: (97, 21, 9853, 631, 478, 18, -24, -15, 38, 15)
0c2bd01c9001870b0300c0020309, Port 11020 Power: (7376, 400, 2951, 3, 704, 2307)
e52e00000000000000000000000000000000, Port 12005 Radio: (0.0, 0.0, 0.0, 0, 0, 0)
dc3261001500ad262b02d9011200e8fff1ff260f, Port 13020 Sensor: (97, 21, 9901, 555, 473, 18, -24, -15, 38, 15)
e52e00000000000000000000000000000000, Port 12005 Radio: (0.0, 0.0, 0.0, 0, 0, 0)
dc326100150095262f02d0011100e8fff0ff260f, Port 13020 Sensor: (97, 21, 9877, 559, 464, 17, -24, -16, 38, 15)
0c2bd01c88014f0b0300c2020909, Port 11020 Power: (7376, 392, 2895, 3, 706, 2313)
e52e00000000000000000000000000000000, Port 12005 Radio: (0.0, 0.0, 0.0, 0, 0, 0)
dc3261001500ad265602a5011100e8fff2ff260f, Port 13020 Sensor: (97, 21, 9901, 598, 421, 17, -24, -14, 38, 15)
e52e00000000000000000000000000000000, Port 12005 Radio: (0.0, 0.0, 0.0, 0, 0, 0)
dc3261001500b7265102de011000e6fff2ff260f, Port 13020 Sensor: (97, 21, 9911, 593, 478, 16, -26, -14, 38, 15)
0c2bcb1c9401a20b0300d9025509, Port 11020 Power: (7371, 404, 2978, 3, 729, 2389)
e52e00000000000000000000000000000000, Port 12005 Radio: (0.0, 0.0, 0.0, 0, 0, 0)
dc3261001500dd265f02d0011100e9fff1ff260f, Port 13020 Sensor: (97, 21, 9949, 607, 464, 17, -23, -15, 38, 15)
e52e00000000000000000000000000000000, Port 12005 Radio: (0.0, 0.0, 0.0, 0, 0, 0)
dc3261001500d3263402a0011300eafff2ff260f, Port 13020 Sensor: (97, 21, 9939, 564, 416, 19, -22, -14, 38, 15)
0c2bc81c9001840b0300c0020309, Port 11020 Power: (7368, 400, 2948, 3, 704, 2307)
e52e00000000000000000000000000000000, Port 12005 Radio: (0.0, 0.0, 0.0, 0, 0, 0)
dc32610015008c263902d9011100e7fff0ff260f, Port 13020 Sensor: (97, 21, 9868, 569, 473, 17, -25, -16, 38, 15)
e52e00000000000000000000000000000000, Port 12005 Radio: (0.0, 0.0, 0.0, 0, 0, 0)
dc3261001500a3267702d4011100e7fff1ff260f, Port 13020 Sensor: (97, 21, 9891, 631, 468, 17, -25, -15, 38, 15)
0c2bc31c94019f0b0300c7021a09, Port 11020 Power: (7363, 404, 2975, 3, 711, 2330)
e52e00000000000000000000000000000000, Port 12005 Radio: (0.0, 0.0, 0.0, 0, 0, 0)
dc3261001500bb266402ec011000e7fff1ff260f, Port 13020 Sensor: (97, 21, 9915, 612, 492, 16, -25, -15, 38, 15)
e52e00000000000000000000000000000000, Port 12005 Radio: (0.0, 0.0, 0.0, 0, 0, 0)
e52e00000000000000000000000000000000, Port 12005 Radio: (0.0, 0.0, 0.0, 0, 0, 0)
e52e00000000000000000000000000000000, Port 12005 Radio: (0.0, 0.0, 0.0, 0, 0, 0)
e52e00000000000000000000000000000000, Port 12005 Radio: (0.0, 0.0, 0.0, 0, 0, 0)
e52e00000000000000000000000000000000, Port 12005 Radio: (0.0, 0.0, 0.0, 0, 0, 0)
e52e00000000000000000000000000000000, Port 12005 Radio: (0.0, 0.0, 0.0, 0, 0, 0)
e52e00000000000000000000000000000000, Port 12005 Radio: (0.0, 0.0, 0.0, 0, 0, 0)
e52e00000000000000000000000000000000, Port 12005 Radio: (0.0, 0.0, 0.0, 0, 0, 0)
e52e00000000000000000000000000000000, Port 12005 Radio: (0.0, 0.0, 0.0, 0, 0, 0)
e52e00000000000000000000000000000000, Port 12005 Radio: (0.0, 0.0, 0.0, 0, 0, 0)
e52e00000000000000000000000000000000, Port 12005 Radio: (0.0, 0.0, 0.0, 0, 0, 0)
e52e00000000000000000000000000000000, Port 12005 Radio: (0.0, 0.0, 0.0, 0, 0, 0)
e52e00000000000000000000000000000000, Port 12005 Radio: (0.0, 0.0, 0.0, 0, 0, 0)
e52e00000000000000000000000000000000, Port 12005 Radio: (0.0, 0.0, 0.0, 0, 0, 0)
e52e00000000000000000000000000000000, Port 12005 Radio: (0.0, 0.0, 0.0, 0, 0, 0)
e52e00000000000000000000000000000000, Port 12005 Radio: (0.0, 0.0, 0.0, 0, 0, 0)
e52e00000000000000000000000000000000, Port 12005 Radio: (0.0, 0.0, 0.0, 0, 0, 0)
e52e00000000000000000000000000000000, Port 12005 Radio: (0.0, 0.0, 0.0, 0, 0, 0)
e52e00000000000000000000000000000000, Port 12005 Radio: (0.0, 0.0, 0.0, 0, 0, 0)
e52e00000000000000000000000000000000, Port 12005 Radio: (0.0, 0.0, 0.0, 0, 0, 0)
e52e00000000000000000000000000000000, Port 12005 Radio: (0.0, 0.0, 0.0, 0, 0, 0)
e52e00000000000000000000000000000000, Port 12005 Radio: (0.0, 0.0, 0.0, 0, 0, 0)
e52e00000000000000000000000000000000, Port 12005 Radio: (0.0, 0.0, 0.0, 0, 0, 0)
e52e00000000000000000000000000000000, Port 12005 Radio: (0.0, 0.0, 0.0, 0, 0, 0)
e52e00000000000000000000000000000000, Port 12005 Radio: (0.0, 0.0, 0.0, 0, 0, 0)
0c2bb31c90017c0b0300c2020909, Port 11020 Power: (7347, 400, 2940, 3, 706, 2313)
e52e00000000000000000000000000000000, Port 12005 Radio: (0.0, 0.0, 0.0, 0, 0, 0)
e52e00000000000000000000000000000000, Port 12005 Radio: (0.0, 0.0, 0.0, 0, 0, 0)
e52e00000000000000000000000000000000, Port 12005 Radio: (0.0, 0.0, 0.0, 0, 0, 0)
0c2bb01c9401970b0300c9022009, Port 11020 Power: (7344, 404, 2967, 3, 713, 2336)
e52e00000000000000000000000000000000, Port 12005 Radio: (0.0, 0.0, 0.0, 0, 0, 0)
e52e00000000000000000000000000000000, Port 12005 Radio: (0.0, 0.0, 0.0, 0, 0, 0)
dc326100160087265602c1010f00ebffefff260f, Port 13020 Sensor: (97, 22, 9863, 598, 449, 15, -21, -17, 38, 15)
0c2bb01c9401970b0300c2020909, Port 11020 Power: (7344, 404, 2967, 3, 706, 2313)
dc3261001600b2266402d9011200e7fff2ff260f, Port 13020 Sensor: (97, 22, 9906, 612, 473, 18, -25, -14, 38, 15)
e52e00000000000000000000000000000000, Port 12005 Radio: (0.0, 0.0, 0.0, 0, 0, 0)
dc326100160082263e02f1010f00e6fff3ff260f, Port 13020 Sensor: (97, 22, 9858, 574, 497, 15, -26, -13, 38, 15)
0c2bb01c8801420b0300c2020909, Port 11020 Power: (7344, 392, 2882, 3, 706, 2313)
dc3261001600371302e37f17fbffc9feef00260f, Port 13020 Sensor: (97, 22, 4919, -7422, 6015, -5, -311, 239, 38, 15)
e52e00000000000000000000000000000000, Port 12005 Radio: (0.0, 0.0, 0.0, 0, 0, 0)
dc3261001600430c53e5af17ecfff1fe73ff260f, Port 13020 Sensor: (97, 22, 3139, -6829, 6063, -20, -271, -141, 38, 15)
0c2ba81c9b01cc0b0300c7021a09, Port 11020 Power: (7336, 411, 3020, 3, 711, 2330)
dc326100160070e151eebbf48bffc5092401260f, Port 13020 Sensor: (97, 22, -7824, -4527, -2885, -117, 2501, 292, 38, 15)
e52e00000000000000000000000000000000, Port 12005 Radio: (0.0, 0.0, 0.0, 0, 0, 0)
dc326100160041f743ee69e4470348094a01260f, Port 13020 Sensor: (97, 22, -2239, -4541, -7063, 839, 2376, 330, 38, 15)
0c2ba81c9b01cc0b0300c5021409, Port 11020 Power: (7336, 411, 3020, 3, 709, 2324)
dc3261001700c4f6c9ec85e06dfff7ff83ff260f, Port 13020 Sensor: (97, 23, -2364, -4919, -8059, -147, -9, -125, 38, 15)
e52e00000000000000000000000000000000, Port 12005 Radio: (0.0, 0.0, 0.0, 0, 0, 0)
dc3261001600e6fe00e6dd2244fd8e0615fe260f, Port 13020 Sensor: (97, 22, -282, -6656, 8925, -700, 1678, -491, 38, 15)
0c2bbb1c5201ba09030038024407, Port 11020 Power: (7355, 338, 2490, 3, 568, 1860)
dc3261001500aafd7edda816f2007700b0fe260f, Port 13020 Sensor: (97, 21, -598, -8834, 5800, 242, 119, -336, 38, 15)
e52e00000000000000000000000000000000, Port 12005 Radio: (0.0, 0.0, 0.0, 0, 0, 0)
dc3261001300f4f894ee711f070060002401260f, Port 13020 Sensor: (97, 19, -1804, -4460, 8049, 7, 96, 292, 38, 15)
0c2bbb1c5201ba09030038024407, Port 11020 Power: (7355, 338, 2490, 3, 568, 1860)
dc326100130032019ef490243600efff1400260f, Port 13020 Sensor: (97, 19, 306, -2914, 9360, 54, -17, 20, 38, 15)
e52e00000000000000000000000000000000, Port 12005 Radio: (0.0, 0.0, 0.0, 0, 0, 0)
dc3261001200dc041ce6e616dfffe0ff5000260f, Port 13020 Sensor: (97, 18, 1244, -6628, 5862, -33, -32, 80, 38, 15)
0c2bb31c4e019b09030038024407, Port 11020 Power: (7347, 334, 2459, 3, 568, 1860)
dc326100110096058fdad50bc3ffe6fe6afa260f, Port 13020 Sensor: (97, 17, 1430, -9585, 3029, -61, -282, -1430, 38, 15)
e52e00000000000000000000000000000000, Port 12005 Radio: (0.0, 0.0, 0.0, 0, 0, 0)
dc32610011000e080cf3af1f24fecaf62e02260f, Port 13020 Sensor: (97, 17, 2062, -3316, 8111, -476, -2358, 558, 38, 15)
0c2bb01c47016209030044026e07, Port 11020 Power: (7344, 327, 2402, 3, 580, 1902)
dc3261001000d316b6109e1838ff540097ff260f, Port 13020 Sensor: (97, 16, 5843, 4278, 6302, -200, 84, -105, 38, 15)
e52e00000000000000000000000000000000, Port 12005 Radio: (0.0, 0.0, 0.0, 0, 0, 0)
dc3261000f004a1783012218030185003cff260f, Port 13020 Sensor: (97, 15, 5962, 387, 6178, 259, 133, -196, 38, 15)
0c2bab1c47016009030032023307, Port 11020 Power: (7339, 327, 2400, 3, 562, 1843)
dc3260000e006709bbfee22af90050026400260f, Port 13020 Sensor: (96, 14, 2407, -325, 10978, 249, 592, 100, 38, 15)
e52e00000000000000000000000000000000, Port 12005 Radio: (0.0, 0.0, 0.0, 0, 0, 0)
dc3261000f006908ddfcb7249403e100a102260f, Port 13020 Sensor: (97, 15, 2153, -803, 9399, 916, 225, 673, 38, 15)
0c2ba81c43014309030038024407, Port 11020 Power: (7336, 323, 2371, 3, 568, 1860)
dc3261000f007a113cf12e2987ffd9ff7a01260f, Port 13020 Sensor: (97, 15, 4474, -3780, 10542, -121, -39, 378, 38, 15)
e52e00000000000000000000000000000000, Port 12005 Radio: (0.0, 0.0, 0.0, 0, 0, 0)
dc3261000e00bf067fff711920fb92fddcfd260f, Port 13020 Sensor: (97, 14, 1727, -129, 6513, -1248, -622, -548, 38, 15)
0c2ba01c4a017909030031022d07, Port 11020 Power: (7328, 330, 2425, 3, 561, 1837)
